0000p0000000000000000000000b0000
00000%00000#00000000000000000000
000000000^000000000000$000000000
00000000000000000000000000000000
00111111111111111111111111111100
00133333333333311333333333333100
00131111311111311311111311113100
00141111311111311311111311114100
00131111311111311311111311113100
00133333333333333333333333333100
00131111311311111111311311113100
00131111311311111111311311113100
00133333311333311333311333333100
00111111311111611611111311111100
00000001311111611611111310000000
00000001311*666B6666611310000000
00000001311611122111611310000000
00111111311610000001611311111100
05-----636661I0P0C0166636-----50
00111111311610000001611311111100
00000001311611111111611310000000
000000013116666)6666611310000000
00000001311611111111611310000000
00111111311611111111611311111100
00133333333333311333333333333100
00131111311111311311111311113100
00131111311111311311111311113100
001433113333333M6333333311334100
00111311311311111111311311311100
00111311311311111111311311311100
00133333311333311333311333333100
00131111111111311311111111113100
00131111111111311311111111113100
00133333333333333333333333333100
00111111111111111111111111111100
00c00000000000000000000000000i00
00000!0(0000000000000000000@0000